Var: 0
States:2; 1; 0; 
Initial states:0; 
Transitions:(2, [51, 51], 2)
(2, [50, 50], 2)
(1, [51, 51], 2)
(1, [50, 50], 2)
(0, [51, 51], 1)
(0, [50, 50], 1)

Accepting states:2; 1; 
--------------------
Var: 1
States:2; 1; 0; 
Initial states:0; 
Transitions:(2, [51, 51], 2)
(2, [50, 50], 2)
(1, [51, 51], 2)
(1, [50, 50], 2)
(0, [51, 51], 1)
(0, [50, 50], 1)

Accepting states:2; 1; 
--------------------
Var: 2
States:0; 
Initial states:0; 
Transitions:(0, [0, 65535], 0)

Accepting states:0; 
--------------------
Var: 3
States:0; 
Initial states:0; 
Transitions:(0, [0, 65535], 0)

Accepting states:0; 
--------------------
Var: 4
States:2; 1; 0; 
Initial states:0; 
Transitions:(2, [51, 51], 2)
(2, [50, 50], 2)
(1, [51, 51], 2)
(1, [50, 50], 2)
(0, [51, 51], 1)
(0, [50, 50], 1)

Accepting states:2; 1; 
--------------------
Var: 5
States:0; 
Initial states:0; 
Transitions:(0, [0, 65535], 0)

Accepting states:0; 
--------------------
Var: 6
States:0; 
Initial states:0; 
Transitions:(0, [0, 65535], 0)

Accepting states:0; 
--------------------
Var: 0
States:2; 1; 0; 
Initial states:0; 
Transitions:(2, [51, 51], 2)
(2, [50, 50], 2)
(1, [51, 51], 2)
(1, [50, 50], 2)
(0, [51, 51], 1)
(0, [50, 50], 1)

Accepting states:2; 1; 
--------------------
Var: 1
States:2; 1; 0; 
Initial states:0; 
Transitions:(2, [51, 51], 2)
(2, [50, 50], 2)
(1, [51, 51], 2)
(1, [50, 50], 2)
(0, [51, 51], 1)
(0, [50, 50], 1)

Accepting states:2; 1; 
--------------------
Var: 2
States:11; 10; 9; 8; 7; 6; 5; 4; 3; 2; 1; 0; 
Initial states:3; 2; 1; 0; 
Transitions:(11, [51, 51], 11)
(11, [50, 50], 10)
(10, [51, 51], 11)
(10, [50, 50], 10)
(9, [52, 52], 9)
(9, [51, 51], 8)
(9, [50, 50], 7)
(8, [52, 52], 9)
(8, [51, 51], 8)
(8, [50, 50], 7)
(7, [51, 51], 11)
(7, [50, 50], 10)
(6, [52, 52], 9)
(6, [51, 51], 8)
(6, [50, 50], 7)
(5, [52, 52], 9)
(5, [51, 51], 8)
(5, [50, 50], 7)
(4, [51, 51], 11)
(4, [50, 50], 10)
(3, [52, 52], 6)
(2, [52, 52], 6)
(1, [52, 52], 6)
(0, [52, 52], 6)
(0, [51, 51], 5)
(0, [50, 50], 4)

Accepting states:9; 8; 6; 5; 
--------------------
Var: 3
States:0; 
Initial states:0; 
Transitions:(0, [0, 65535], 0)

Accepting states:0; 
--------------------
Var: 4
States:2; 1; 0; 
Initial states:0; 
Transitions:(2, [51, 51], 2)
(2, [50, 50], 2)
(1, [51, 51], 2)
(1, [50, 50], 2)
(0, [51, 51], 1)
(0, [50, 50], 1)

Accepting states:2; 1; 
--------------------
Var: 5
States:11; 10; 9; 8; 7; 6; 5; 4; 3; 2; 1; 0; 
Initial states:3; 2; 1; 0; 
Transitions:(11, [51, 51], 11)
(11, [50, 50], 10)
(10, [51, 51], 11)
(10, [50, 50], 10)
(9, [53, 53], 9)
(9, [51, 51], 8)
(9, [50, 50], 7)
(8, [53, 53], 9)
(8, [51, 51], 8)
(8, [50, 50], 7)
(7, [51, 51], 11)
(7, [50, 50], 10)
(6, [53, 53], 9)
(6, [51, 51], 8)
(6, [50, 50], 7)
(5, [53, 53], 9)
(5, [51, 51], 8)
(5, [50, 50], 7)
(4, [51, 51], 11)
(4, [50, 50], 10)
(3, [53, 53], 6)
(2, [53, 53], 6)
(1, [53, 53], 6)
(0, [53, 53], 6)
(0, [51, 51], 5)
(0, [50, 50], 4)

Accepting states:9; 8; 6; 5; 
--------------------
Var: 6
States:0; 
Initial states:0; 
Transitions:(0, [0, 65535], 0)

Accepting states:0; 
--------------------
Var: 0
States:2; 1; 0; 
Initial states:0; 
Transitions:(2, [51, 51], 2)
(2, [50, 50], 2)
(1, [51, 51], 2)
(1, [50, 50], 2)
(0, [51, 51], 1)
(0, [50, 50], 1)

Accepting states:2; 1; 
--------------------
Var: 1
States:2; 1; 0; 
Initial states:0; 
Transitions:(2, [51, 51], 2)
(2, [50, 50], 2)
(1, [51, 51], 2)
(1, [50, 50], 2)
(0, [51, 51], 1)
(0, [50, 50], 1)

Accepting states:2; 1; 
--------------------
Var: 2
States:11; 10; 9; 8; 7; 6; 5; 4; 3; 2; 1; 0; 
Initial states:3; 2; 1; 0; 
Transitions:(11, [51, 51], 11)
(11, [50, 50], 10)
(10, [51, 51], 11)
(10, [50, 50], 10)
(9, [52, 52], 9)
(9, [51, 51], 8)
(9, [50, 50], 7)
(8, [52, 52], 9)
(8, [51, 51], 8)
(8, [50, 50], 7)
(7, [51, 51], 11)
(7, [50, 50], 10)
(6, [52, 52], 9)
(6, [51, 51], 8)
(6, [50, 50], 7)
(5, [52, 52], 9)
(5, [51, 51], 8)
(5, [50, 50], 7)
(4, [51, 51], 11)
(4, [50, 50], 10)
(3, [52, 52], 6)
(2, [52, 52], 6)
(1, [52, 52], 6)
(0, [52, 52], 6)
(0, [51, 51], 5)
(0, [50, 50], 4)

Accepting states:9; 8; 6; 5; 
--------------------
Var: 3
States:0; 
Initial states:0; 
Transitions:(0, [0, 65535], 0)

Accepting states:0; 
--------------------
Var: 4
States:2; 1; 0; 
Initial states:0; 
Transitions:(2, [51, 51], 2)
(2, [50, 50], 2)
(1, [51, 51], 2)
(1, [50, 50], 2)
(0, [51, 51], 1)
(0, [50, 50], 1)

Accepting states:2; 1; 
--------------------
Var: 5
States:11; 10; 9; 8; 7; 6; 5; 4; 3; 2; 1; 0; 
Initial states:3; 2; 1; 0; 
Transitions:(11, [51, 51], 11)
(11, [50, 50], 10)
(10, [51, 51], 11)
(10, [50, 50], 10)
(9, [53, 53], 9)
(9, [51, 51], 8)
(9, [50, 50], 7)
(8, [53, 53], 9)
(8, [51, 51], 8)
(8, [50, 50], 7)
(7, [51, 51], 11)
(7, [50, 50], 10)
(6, [53, 53], 9)
(6, [51, 51], 8)
(6, [50, 50], 7)
(5, [53, 53], 9)
(5, [51, 51], 8)
(5, [50, 50], 7)
(4, [51, 51], 11)
(4, [50, 50], 10)
(3, [53, 53], 6)
(2, [53, 53], 6)
(1, [53, 53], 6)
(0, [53, 53], 6)
(0, [51, 51], 5)
(0, [50, 50], 4)

Accepting states:9; 8; 6; 5; 
--------------------
Var: 6
States:25; 24; 23; 22; 21; 20; 19; 18; 17; 16; 15; 14; 13; 12; 11; 10; 9; 8; 7; 6; 5; 4; 3; 2; 1; 0; 
Initial states:9; 8; 7; 6; 5; 4; 3; 2; 1; 0; 
Transitions:(25, [54, 54], 25)
(25, [51, 51], 24)
(25, [50, 50], 23)
(24, [51, 51], 22)
(24, [50, 50], 21)
(23, [54, 54], 25)
(23, [51, 51], 24)
(23, [50, 50], 23)
(22, [51, 51], 22)
(22, [50, 50], 21)
(21, [51, 51], 22)
(21, [50, 50], 21)
(20, [53, 53], 20)
(20, [51, 51], 19)
(20, [50, 50], 18)
(19, [53, 53], 20)
(19, [51, 51], 19)
(19, [50, 50], 18)
(18, [51, 51], 22)
(18, [50, 50], 21)
(17, [54, 54], 17)
(17, [53, 53], 16)
(17, [51, 51], 15)
(17, [50, 50], 14)
(16, [54, 54], 17)
(16, [53, 53], 16)
(16, [51, 51], 15)
(16, [50, 50], 14)
(15, [53, 53], 20)
(15, [51, 51], 19)
(15, [50, 50], 18)
(14, [54, 54], 25)
(14, [51, 51], 24)
(14, [50, 50], 23)
(13, [54, 54], 17)
(13, [53, 53], 16)
(13, [51, 51], 15)
(13, [50, 50], 14)
(12, [54, 54], 17)
(12, [53, 53], 16)
(12, [51, 51], 15)
(12, [50, 50], 14)
(11, [53, 53], 20)
(11, [51, 51], 19)
(11, [50, 50], 18)
(10, [54, 54], 25)
(10, [51, 51], 24)
(10, [50, 50], 23)
(9, [54, 54], 13)
(8, [54, 54], 13)
(4, [54, 54], 13)
(3, [53, 53], 12)
(2, [53, 53], 12)
(1, [53, 53], 12)
(0, [54, 54], 13)
(0, [53, 53], 12)
(0, [51, 51], 11)
(0, [50, 50], 10)

Accepting states:17; 16; 13; 12; 
--------------------
Var: 0
States:2; 1; 0; 
Initial states:0; 
Transitions:(2, [51, 51], 2)
(2, [50, 50], 2)
(1, [51, 51], 2)
(1, [50, 50], 2)
(0, [51, 51], 1)
(0, [50, 50], 1)

Accepting states:2; 1; 
--------------------
Var: 1
States:2; 1; 0; 
Initial states:0; 
Transitions:(2, [51, 51], 2)
(2, [50, 50], 2)
(1, [51, 51], 2)
(1, [50, 50], 2)
(0, [51, 51], 1)
(0, [50, 50], 1)

Accepting states:2; 1; 
--------------------
Var: 2
States:11; 10; 9; 8; 7; 6; 5; 4; 3; 2; 1; 0; 
Initial states:3; 2; 1; 0; 
Transitions:(11, [51, 51], 11)
(11, [50, 50], 10)
(10, [51, 51], 11)
(10, [50, 50], 10)
(9, [52, 52], 9)
(9, [51, 51], 8)
(9, [50, 50], 7)
(8, [52, 52], 9)
(8, [51, 51], 8)
(8, [50, 50], 7)
(7, [51, 51], 11)
(7, [50, 50], 10)
(6, [52, 52], 9)
(6, [51, 51], 8)
(6, [50, 50], 7)
(5, [52, 52], 9)
(5, [51, 51], 8)
(5, [50, 50], 7)
(4, [51, 51], 11)
(4, [50, 50], 10)
(3, [52, 52], 6)
(2, [52, 52], 6)
(1, [52, 52], 6)
(0, [52, 52], 6)
(0, [51, 51], 5)
(0, [50, 50], 4)

Accepting states:9; 8; 6; 5; 
--------------------
Var: 3
States:111; 110; 109; 108; 107; 106; 105; 104; 103; 102; 101; 100; 99; 98; 97; 96; 95; 94; 93; 92; 91; 90; 89; 88; 87; 86; 85; 84; 83; 82; 81; 80; 79; 78; 77; 76; 75; 74; 73; 72; 71; 70; 69; 68; 67; 66; 65; 64; 63; 62; 61; 60; 59; 58; 57; 56; 55; 54; 53; 52; 51; 50; 49; 48; 47; 46; 45; 44; 43; 42; 41; 40; 39; 38; 37; 36; 35; 34; 33; 32; 31; 30; 29; 28; 27; 26; 25; 24; 23; 22; 21; 20; 19; 18; 17; 16; 15; 14; 13; 12; 11; 10; 9; 8; 7; 6; 5; 4; 3; 2; 1; 0; 
Initial states:99; 98; 97; 96; 95; 94; 93; 92; 91; 90; 89; 88; 87; 86; 85; 84; 83; 82; 81; 80; 79; 78; 77; 76; 75; 74; 73; 72; 71; 70; 69; 68; 67; 66; 65; 64; 63; 62; 61; 60; 59; 58; 57; 56; 55; 54; 53; 52; 51; 50; 49; 48; 47; 46; 45; 44; 43; 42; 41; 40; 39; 38; 37; 36; 35; 34; 33; 32; 31; 30; 29; 28; 27; 26; 25; 24; 23; 22; 21; 20; 19; 18; 17; 16; 15; 14; 13; 12; 11; 10; 9; 8; 7; 6; 5; 4; 3; 2; 1; 0; 
Transitions:(111, [51, 51], 105)
(111, [50, 50], 104)
(110, [51, 51], 109)
(110, [50, 50], 108)
(109, [51, 51], 107)
(109, [50, 50], 106)
(108, [51, 51], 109)
(108, [50, 50], 108)
(107, [51, 51], 107)
(107, [50, 50], 106)
(106, [51, 51], 107)
(106, [50, 50], 106)
(105, [51, 51], 105)
(105, [50, 50], 104)
(104, [51, 51], 107)
(104, [50, 50], 106)
(103, [53, 53], 103)
(103, [51, 51], 102)
(103, [50, 50], 101)
(102, [51, 51], 105)
(102, [50, 50], 104)
(101, [51, 51], 109)
(101, [50, 50], 108)
(100, [53, 53], 103)
(100, [51, 51], 102)
(100, [50, 50], 101)
(99, [53, 53], 100)
(99, [51, 51], 111)
(99, [50, 50], 110)
(98, [53, 53], 100)
(97, [53, 53], 100)
(96, [53, 53], 100)
(59, [53, 53], 100)
(58, [53, 53], 100)
(57, [53, 53], 100)
(56, [53, 53], 100)
(19, [53, 53], 100)
(18, [53, 53], 100)
(17, [53, 53], 100)
(16, [53, 53], 100)
(9, [53, 53], 100)
(8, [53, 53], 100)
(7, [53, 53], 100)
(6, [53, 53], 100)

Accepting states:103; 100; 
--------------------
Var: 4
States:2; 1; 0; 
Initial states:0; 
Transitions:(2, [51, 51], 2)
(2, [50, 50], 2)
(1, [51, 51], 2)
(1, [50, 50], 2)
(0, [51, 51], 1)
(0, [50, 50], 1)

Accepting states:2; 1; 
--------------------
Var: 5
States:11; 10; 9; 8; 7; 6; 5; 4; 3; 2; 1; 0; 
Initial states:3; 2; 1; 0; 
Transitions:(11, [51, 51], 11)
(11, [50, 50], 10)
(10, [51, 51], 11)
(10, [50, 50], 10)
(9, [53, 53], 9)
(9, [51, 51], 8)
(9, [50, 50], 7)
(8, [53, 53], 9)
(8, [51, 51], 8)
(8, [50, 50], 7)
(7, [51, 51], 11)
(7, [50, 50], 10)
(6, [53, 53], 9)
(6, [51, 51], 8)
(6, [50, 50], 7)
(5, [53, 53], 9)
(5, [51, 51], 8)
(5, [50, 50], 7)
(4, [51, 51], 11)
(4, [50, 50], 10)
(3, [53, 53], 6)
(2, [53, 53], 6)
(1, [53, 53], 6)
(0, [53, 53], 6)
(0, [51, 51], 5)
(0, [50, 50], 4)

Accepting states:9; 8; 6; 5; 
--------------------
Var: 6
States:25; 24; 23; 22; 21; 20; 19; 18; 17; 16; 15; 14; 13; 12; 11; 10; 9; 8; 7; 6; 5; 4; 3; 2; 1; 0; 
Initial states:9; 8; 7; 6; 5; 4; 3; 2; 1; 0; 
Transitions:(25, [54, 54], 25)
(25, [51, 51], 24)
(25, [50, 50], 23)
(24, [51, 51], 22)
(24, [50, 50], 21)
(23, [54, 54], 25)
(23, [51, 51], 24)
(23, [50, 50], 23)
(22, [51, 51], 22)
(22, [50, 50], 21)
(21, [51, 51], 22)
(21, [50, 50], 21)
(20, [53, 53], 20)
(20, [51, 51], 19)
(20, [50, 50], 18)
(19, [53, 53], 20)
(19, [51, 51], 19)
(19, [50, 50], 18)
(18, [51, 51], 22)
(18, [50, 50], 21)
(17, [54, 54], 17)
(17, [53, 53], 16)
(17, [51, 51], 15)
(17, [50, 50], 14)
(16, [54, 54], 17)
(16, [53, 53], 16)
(16, [51, 51], 15)
(16, [50, 50], 14)
(15, [53, 53], 20)
(15, [51, 51], 19)
(15, [50, 50], 18)
(14, [54, 54], 25)
(14, [51, 51], 24)
(14, [50, 50], 23)
(13, [54, 54], 17)
(13, [53, 53], 16)
(13, [51, 51], 15)
(13, [50, 50], 14)
(12, [54, 54], 17)
(12, [53, 53], 16)
(12, [51, 51], 15)
(12, [50, 50], 14)
(11, [53, 53], 20)
(11, [51, 51], 19)
(11, [50, 50], 18)
(10, [54, 54], 25)
(10, [51, 51], 24)
(10, [50, 50], 23)
(9, [54, 54], 13)
(8, [54, 54], 13)
(4, [54, 54], 13)
(3, [53, 53], 12)
(2, [53, 53], 12)
(1, [53, 53], 12)
(0, [54, 54], 13)
(0, [53, 53], 12)
(0, [51, 51], 11)
(0, [50, 50], 10)

Accepting states:17; 16; 13; 12; 
--------------------
SAT